# # Temperature	Energy	Specific Heat	Magnetization	Susceptibility
0.100000	-0.974823	0.000520	0.975008	0.000248
0.104810	-0.973677	0.000607	0.973612	0.000244
0.109619	-0.972493	0.000579	0.973612	0.000153
0.114429	-0.971120	0.000401	0.970433	0.000230
0.119238	-0.969853	0.000481	0.970226	0.000255
0.124048	-0.968666	0.000549	0.968509	0.000296
0.128858	-0.966893	0.000476	0.966535	0.000299
0.133667	-0.966782	0.000545	0.968416	0.000253
0.138477	-0.964353	0.000518	0.963728	0.000284
0.143287	-0.963296	0.000578	0.962624	0.000399
0.148096	-0.962219	0.000581	0.961454	0.000374
0.152906	-0.960857	0.000442	0.960924	0.000300
0.157715	-0.959629	0.000532	0.960066	0.000288
0.162525	-0.958325	0.000537	0.958604	0.000357
0.167335	-0.957679	0.000425	0.957220	0.000340
0.172144	-0.956519	0.000515	0.956835	0.000417
0.176954	-0.955833	0.000468	0.955672	0.000453
0.181764	-0.953781	0.000491	0.954451	0.000350
0.186573	-0.951859	0.000631	0.951738	0.000370
0.191383	-0.950926	0.000548	0.950812	0.000402
0.196192	-0.950599	0.000422	0.950384	0.000381
0.201002	-0.948296	0.000503	0.947944	0.000439
0.205812	-0.947498	0.000584	0.948792	0.000361
0.210621	-0.946954	0.000439	0.946238	0.000571
0.215431	-0.944877	0.000468	0.945739	0.000445
0.220240	-0.942914	0.000480	0.941876	0.000515
0.225050	-0.941761	0.000613	0.941930	0.000592
0.229860	-0.941093	0.000488	0.941479	0.000487
0.234669	-0.938844	0.000440	0.939286	0.000518
0.239479	-0.937940	0.000443	0.937370	0.000527
0.244289	-0.937621	0.000507	0.938763	0.000449
0.249098	-0.935706	0.000592	0.936768	0.000516
0.253908	-0.934113	0.000552	0.936026	0.000536
0.258717	-0.933842	0.000564	0.935080	0.000516
0.263527	-0.932550	0.000466	0.933714	0.000511
0.268337	-0.930233	0.000544	0.931513	0.000566
0.273146	-0.927719	0.000520	0.927394	0.000627
0.277956	-0.928037	0.000555	0.929198	0.000657
0.282766	-0.927544	0.000455	0.928011	0.000664
0.287575	-0.925617	0.000461	0.926544	0.000640
0.292385	-0.923617	0.000454	0.925005	0.000604
0.297194	-0.923219	0.000537	0.923749	0.000609
0.302004	-0.921562	0.000470	0.921645	0.000649
0.306814	-0.920254	0.000517	0.921419	0.000664
0.311623	-0.917766	0.000459	0.919731	0.000677
0.316433	-0.917386	0.000577	0.917384	0.000657
0.321242	-0.914698	0.000550	0.913045	0.000836
0.326052	-0.916138	0.000457	0.917922	0.000741
0.330862	-0.913007	0.000443	0.914285	0.000626
0.335671	-0.911397	0.000509	0.912629	0.000606
0.340481	-0.910247	0.000569	0.911440	0.000763
0.345291	-0.908405	0.000564	0.911656	0.000701
0.350100	-0.908869	0.000597	0.909620	0.000801
0.354910	-0.905878	0.000488	0.907211	0.000814
0.359719	-0.905762	0.000497	0.906784	0.000961
0.364529	-0.904038	0.000568	0.904925	0.000854
0.369339	-0.901910	0.000594	0.903104	0.000804
0.374148	-0.900806	0.000553	0.900296	0.000820
0.378958	-0.899067	0.000541	0.900769	0.000831
0.383768	-0.899715	0.000531	0.899621	0.000987
0.388577	-0.897849	0.000536	0.898696	0.000818
0.393387	-0.895566	0.000549	0.894969	0.001028
0.398196	-0.895723	0.000532	0.899327	0.000710
0.403006	-0.891290	0.000454	0.895470	0.000853
0.407816	-0.891814	0.000536	0.892677	0.000793
0.412625	-0.889296	0.000591	0.890680	0.001025
0.417435	-0.889456	0.000526	0.890164	0.000788
0.422244	-0.888546	0.000584	0.891367	0.000869
0.427054	-0.886248	0.000561	0.884876	0.001110
0.431864	-0.884373	0.000537	0.885929	0.000976
0.436673	-0.885174	0.000635	0.886000	0.001000
0.441483	-0.879320	0.000622	0.881690	0.001026
0.446293	-0.880523	0.000610	0.879797	0.001047
0.451102	-0.879397	0.000595	0.878734	0.001106
0.455912	-0.879081	0.000543	0.876933	0.001273
0.460721	-0.876462	0.000597	0.878454	0.000935
0.465531	-0.873142	0.000596	0.873190	0.001220
0.470341	-0.874247	0.000672	0.875990	0.000973
0.475150	-0.871777	0.000540	0.874631	0.000913
0.479960	-0.872012	0.000504	0.874523	0.001059
0.484770	-0.870339	0.000647	0.870965	0.001149
0.489579	-0.869301	0.000504	0.869102	0.001064
0.494389	-0.867163	0.000532	0.868009	0.001085
0.499198	-0.864455	0.000599	0.862913	0.001291
0.504008	-0.862706	0.000572	0.864586	0.001314
0.508818	-0.861440	0.000587	0.862918	0.000961
0.513627	-0.860634	0.000524	0.861960	0.001070
0.518437	-0.858976	0.000619	0.862291	0.001012
0.523246	-0.856925	0.000637	0.859247	0.001075
0.528056	-0.855180	0.000577	0.856735	0.001117
0.532866	-0.855505	0.000559	0.856917	0.001192
0.537675	-0.853429	0.000592	0.854342	0.001172
0.542485	-0.852401	0.000512	0.855673	0.001069
0.547295	-0.851171	0.000530	0.850553	0.001516
0.552104	-0.850316	0.000570	0.852888	0.001053
0.556914	-0.845476	0.000662	0.848425	0.001194
0.561723	-0.847623	0.000637	0.848561	0.001116
0.566533	-0.845187	0.000601	0.847422	0.001493
0.571343	-0.845003	0.000679	0.845995	0.001513
0.576152	-0.841523	0.000602	0.843082	0.001317
0.580962	-0.839437	0.000559	0.842307	0.001187
0.585772	-0.838926	0.000553	0.841376	0.001194
0.590581	-0.835816	0.000740	0.836037	0.001609
0.595391	-0.835251	0.000647	0.837172	0.001366
0.600200	-0.834622	0.000589	0.835356	0.001557
0.605010	-0.832824	0.000611	0.832396	0.001444
0.609820	-0.832132	0.000612	0.831597	0.001413
0.614629	-0.829126	0.000587	0.830432	0.001230
0.619439	-0.826500	0.000676	0.827896	0.001626
0.624248	-0.825761	0.000616	0.827447	0.001487
0.629058	-0.825014	0.000618	0.823666	0.001658
0.633868	-0.822055	0.000719	0.823847	0.001455
0.638677	-0.819661	0.000613	0.820561	0.001571
0.643487	-0.820341	0.000715	0.819858	0.001424
0.648297	-0.820191	0.000722	0.819400	0.001559
0.653106	-0.817995	0.000591	0.819556	0.001475
0.657916	-0.812711	0.000681	0.813520	0.001750
0.662725	-0.812919	0.000707	0.812665	0.001483
0.667535	-0.814486	0.000604	0.810491	0.001731
0.672345	-0.811177	0.000698	0.813777	0.001640
0.677154	-0.806186	0.000665	0.804902	0.001648
0.681964	-0.807719	0.000652	0.810780	0.001625
0.686774	-0.805957	0.000615	0.806357	0.001489
0.691583	-0.804377	0.000587	0.806227	0.001862
0.696393	-0.801130	0.000712	0.802321	0.001705
0.701202	-0.800873	0.000743	0.798701	0.002086
0.706012	-0.795368	0.000625	0.794192	0.001915
0.710822	-0.795539	0.000744	0.794583	0.002085
0.715631	-0.795942	0.000625	0.796283	0.001863
0.720441	-0.795839	0.000667	0.797305	0.001786
0.725251	-0.794630	0.000772	0.793762	0.001898
0.730060	-0.789596	0.000678	0.792364	0.001614
0.734870	-0.788685	0.000658	0.789311	0.001720
0.739679	-0.786262	0.000741	0.784734	0.001970
0.744489	-0.782631	0.000819	0.782826	0.001997
0.749299	-0.785851	0.000664	0.786535	0.001705
0.754108	-0.780117	0.000722	0.778918	0.002087
0.758918	-0.778494	0.000732	0.779406	0.001997
0.763727	-0.778621	0.000708	0.780961	0.002115
0.768537	-0.774978	0.000750	0.776590	0.001798
0.773347	-0.774384	0.000725	0.769122	0.002439
0.778156	-0.772404	0.000765	0.769235	0.002190
0.782966	-0.770439	0.000697	0.768577	0.002270
0.787776	-0.766217	0.000844	0.761472	0.002342
0.792585	-0.767793	0.000781	0.766024	0.002293
0.797395	-0.764023	0.000872	0.761834	0.002677
0.802204	-0.763248	0.000747	0.758980	0.002400
0.807014	-0.758878	0.000804	0.756949	0.002304
0.811824	-0.757188	0.000836	0.748806	0.002717
0.816633	-0.757501	0.000811	0.752331	0.002476
0.821443	-0.754344	0.000769	0.750732	0.002531
0.826253	-0.751122	0.000878	0.745950	0.002647
0.831062	-0.749534	0.000741	0.745286	0.002645
0.835872	-0.747924	0.000794	0.739755	0.002845
0.840681	-0.749599	0.000785	0.747222	0.002306
0.845491	-0.746374	0.000798	0.737650	0.002939
0.850301	-0.744116	0.000765	0.738390	0.002639
0.855110	-0.740570	0.000813	0.735180	0.003322
0.859920	-0.736300	0.000920	0.732986	0.003095
0.864729	-0.735551	0.000920	0.726453	0.003335
0.869539	-0.731022	0.001063	0.719901	0.003584
0.874349	-0.728980	0.000992	0.717619	0.003472
0.879158	-0.726931	0.000823	0.718472	0.003002
0.883968	-0.725750	0.000918	0.717787	0.003247
0.888778	-0.722346	0.001037	0.712871	0.004218
0.893587	-0.723727	0.000875	0.720578	0.002683
0.898397	-0.718485	0.000954	0.705844	0.004181
0.903206	-0.724838	0.000892	0.716197	0.003492
0.908016	-0.719692	0.000914	0.705925	0.004777
0.912826	-0.712567	0.001119	0.701229	0.004237
0.917635	-0.709650	0.000935	0.697453	0.004347
0.922445	-0.710012	0.000948	0.696768	0.003636
0.927255	-0.710364	0.001051	0.697740	0.003957
0.932064	-0.705351	0.001048	0.693738	0.004834
0.936874	-0.697898	0.001009	0.686823	0.004865
0.941683	-0.700217	0.001003	0.679837	0.004860
0.946493	-0.697844	0.001086	0.676526	0.004910
0.951303	-0.693150	0.001088	0.675701	0.005595
0.956112	-0.693425	0.001096	0.673723	0.004855
0.960922	-0.686264	0.001234	0.663259	0.007373
0.965731	-0.687165	0.000974	0.666692	0.004873
0.970541	-0.679098	0.001263	0.651463	0.006691
0.975351	-0.681545	0.001134	0.656458	0.005901
0.980160	-0.678326	0.001244	0.652831	0.006768
0.984970	-0.675517	0.001204	0.645740	0.006966
0.989780	-0.673796	0.001184	0.640722	0.007379
0.994589	-0.671054	0.001089	0.635827	0.008294
0.999399	-0.666488	0.001503	0.633479	0.009748
1.004208	-0.665699	0.001400	0.630900	0.008617
1.009018	-0.656639	0.001370	0.605809	0.012367
1.013828	-0.655756	0.001411	0.616481	0.010044
1.018637	-0.649275	0.001678	0.597198	0.012173
1.023447	-0.651074	0.001176	0.611650	0.008602
1.028257	-0.647436	0.001490	0.593678	0.010777
1.033066	-0.645236	0.001401	0.595834	0.010771
1.037876	-0.637560	0.001381	0.579921	0.013451
1.042685	-0.635322	0.001335	0.572322	0.011740
1.047495	-0.630063	0.001350	0.561667	0.013476
1.052305	-0.628718	0.001500	0.553494	0.015036
1.057114	-0.627421	0.001338	0.561570	0.014074
1.061924	-0.621666	0.001276	0.554415	0.012113
1.066733	-0.617100	0.001414	0.536575	0.013793
1.071543	-0.617916	0.001466	0.531693	0.015976
1.076353	-0.608791	0.001437	0.520778	0.017193
1.081162	-0.605494	0.001430	0.516362	0.014430
1.085972	-0.604164	0.001408	0.522899	0.013839
1.090782	-0.602143	0.001393	0.512193	0.016201
1.095591	-0.600859	0.001390	0.502551	0.017969
1.100401	-0.597566	0.001443	0.506226	0.016776
1.105210	-0.591524	0.001437	0.493117	0.015950
1.110020	-0.582743	0.001357	0.455512	0.019223
1.114830	-0.585419	0.001419	0.468464	0.019144
1.119639	-0.582607	0.001715	0.470214	0.017416
1.124449	-0.573855	0.001364	0.442660	0.017896
1.129259	-0.572672	0.001442	0.439038	0.018797
1.134068	-0.566218	0.001339	0.432661	0.017161
1.138878	-0.567579	0.001395	0.426007	0.019189
1.143687	-0.557263	0.001534	0.411865	0.018238
1.148497	-0.558702	0.001336	0.414325	0.017260
1.153307	-0.556848	0.001316	0.410853	0.017856
1.158116	-0.552805	0.001548	0.399206	0.018628
1.162926	-0.549811	0.001263	0.399241	0.016590
1.167735	-0.543213	0.001405	0.388682	0.018190
1.172545	-0.542528	0.001300	0.383523	0.018404
1.177355	-0.536772	0.001396	0.370127	0.016924
1.182164	-0.536922	0.001266	0.366216	0.017838
1.186974	-0.532165	0.001118	0.353856	0.017481
1.191784	-0.533579	0.001267	0.358514	0.016794
1.196593	-0.526480	0.001222	0.340076	0.015437
1.201403	-0.527387	0.001203	0.357147	0.016465
1.206212	-0.520180	0.001378	0.335471	0.016412
1.211022	-0.521055	0.001172	0.344076	0.016575
1.215832	-0.522866	0.001071	0.343114	0.015849
1.220641	-0.512548	0.001368	0.322138	0.018298
1.225451	-0.506558	0.001293	0.311082	0.014957
1.230261	-0.505305	0.001052	0.313221	0.014323
1.235070	-0.505605	0.001140	0.320954	0.014001
1.239880	-0.500038	0.001053	0.301481	0.014442
1.244689	-0.496787	0.001133	0.301700	0.013459
1.249499	-0.495759	0.000966	0.298430	0.012671
1.254309	-0.489922	0.001087	0.282790	0.013401
1.259118	-0.489967	0.001031	0.284363	0.013281
1.263928	-0.483919	0.001065	0.279787	0.011843
1.268737	-0.483230	0.000962	0.270921	0.012384
1.273547	-0.485801	0.001042	0.275218	0.012585
1.278357	-0.480203	0.001123	0.275965	0.012327
1.283166	-0.477713	0.001074	0.270038	0.012851
1.287976	-0.475377	0.001023	0.268689	0.011479
1.292786	-0.475880	0.000937	0.262878	0.011113
1.297595	-0.467761	0.000961	0.248837	0.011175
1.302405	-0.468002	0.000916	0.249594	0.010060
1.307214	-0.462072	0.001052	0.245999	0.010624
1.312024	-0.463720	0.000948	0.255525	0.010578
1.316834	-0.460923	0.000878	0.246347	0.009796
1.321643	-0.456706	0.000906	0.240275	0.009885
1.326453	-0.458719	0.000945	0.239579	0.009603
1.331263	-0.456628	0.000911	0.245992	0.009783
1.336072	-0.454987	0.000899	0.235212	0.010069
1.340882	-0.451153	0.000843	0.230091	0.009205
1.345691	-0.445895	0.000834	0.228765	0.009199
1.350501	-0.443081	0.000933	0.221367	0.009068
1.355311	-0.445578	0.000932	0.223285	0.008145
1.360120	-0.438170	0.000796	0.216206	0.008132
1.364930	-0.439754	0.000888	0.223751	0.008458
1.369739	-0.435345	0.000922	0.220917	0.008649
1.374549	-0.433312	0.000830	0.205374	0.007602
1.379359	-0.438326	0.000865	0.219843	0.008319
1.384168	-0.432435	0.000765	0.210919	0.007492
1.388978	-0.431070	0.000804	0.209805	0.007949
1.393788	-0.427971	0.000806	0.206750	0.007325
1.398597	-0.426434	0.000821	0.201930	0.006837
1.403407	-0.423393	0.000796	0.200347	0.007169
1.408216	-0.420426	0.000816	0.197121	0.007447
1.413026	-0.421574	0.000748	0.204548	0.007037
1.417836	-0.419644	0.000712	0.200226	0.006902
1.422645	-0.412805	0.000721	0.191237	0.006584
1.427455	-0.413883	0.000705	0.198491	0.006297
1.432265	-0.414910	0.000655	0.197503	0.006941
1.437074	-0.408583	0.000649	0.182339	0.005827
1.441884	-0.411417	0.000786	0.190929	0.005984
1.446693	-0.407086	0.000768	0.191860	0.006385
1.451503	-0.402904	0.000688	0.182205	0.005642
1.456313	-0.404666	0.000720	0.186156	0.006142
1.461122	-0.399887	0.000685	0.185101	0.005959
1.465932	-0.402263	0.000686	0.184589	0.005634
1.470741	-0.397115	0.000687	0.177398	0.005379
1.475551	-0.400990	0.000687	0.180806	0.005326
1.480361	-0.398211	0.000688	0.182709	0.005573
1.485170	-0.395575	0.000694	0.177493	0.005183
1.489980	-0.390877	0.000652	0.174053	0.005271
1.494790	-0.392012	0.000669	0.176987	0.005468
1.499599	-0.386542	0.000686	0.166198	0.005132
1.504409	-0.389520	0.000635	0.177384	0.004888
1.509218	-0.382785	0.000697	0.171344	0.005054
1.514028	-0.381627	0.000664	0.170369	0.004703
1.518838	-0.387032	0.000538	0.177083	0.005542
1.523647	-0.375504	0.000661	0.168996	0.004735
1.528457	-0.377667	0.000581	0.162210	0.004726
1.533267	-0.378740	0.000551	0.162617	0.004325
1.538076	-0.375200	0.000571	0.162526	0.004477
1.542886	-0.373364	0.000597	0.160566	0.004129
1.547695	-0.372242	0.000613	0.162680	0.004429
1.552505	-0.370730	0.000546	0.157846	0.004394
1.557315	-0.374193	0.000650	0.162374	0.004338
1.562124	-0.372213	0.000557	0.161763	0.004427
1.566934	-0.368465	0.000574	0.161007	0.004543
1.571743	-0.367377	0.000616	0.158378	0.003952
1.576553	-0.365145	0.000568	0.162998	0.004321
1.581363	-0.362337	0.000541	0.152707	0.003854
1.586172	-0.360359	0.000560	0.159865	0.003985
1.590982	-0.358000	0.000553	0.153388	0.003886
1.595792	-0.359374	0.000584	0.153731	0.003696
1.600601	-0.356683	0.000530	0.154737	0.003993
1.605411	-0.356954	0.000520	0.153006	0.003623
1.610220	-0.355723	0.000608	0.156103	0.003846
1.615030	-0.353106	0.000619	0.150895	0.003797
1.619840	-0.353548	0.000528	0.150530	0.003640
1.624649	-0.350347	0.000534	0.148097	0.003685
1.629459	-0.350662	0.000485	0.146951	0.003544
1.634269	-0.347855	0.000512	0.147900	0.003527
1.639078	-0.348233	0.000491	0.147174	0.003303
1.643888	-0.346777	0.000477	0.143306	0.003163
1.648697	-0.345183	0.000496	0.145565	0.003347
1.653507	-0.345734	0.000507	0.143254	0.003041
1.658317	-0.341770	0.000445	0.139770	0.003200
1.663126	-0.339696	0.000521	0.145150	0.003106
1.667936	-0.341591	0.000501	0.142879	0.003313
1.672745	-0.339370	0.000475	0.144429	0.003297
1.677555	-0.333981	0.000518	0.139260	0.002966
1.682365	-0.338109	0.000483	0.143183	0.003105
1.687174	-0.336500	0.000516	0.140610	0.003025
1.691984	-0.335493	0.000461	0.138297	0.002777
1.696794	-0.330268	0.000452	0.137460	0.002822
1.701603	-0.330498	0.000470	0.139212	0.002986
1.706413	-0.329163	0.000472	0.135019	0.002855
1.711222	-0.333380	0.000478	0.142254	0.003178
1.716032	-0.326220	0.000466	0.131297	0.002833
1.720842	-0.325355	0.000424	0.133887	0.002609
1.725651	-0.328744	0.000499	0.138115	0.003083
1.730461	-0.326067	0.000483	0.134534	0.002962
1.735271	-0.321952	0.000436	0.133053	0.002500
1.740080	-0.323479	0.000427	0.138709	0.002699
1.744890	-0.322629	0.000437	0.132447	0.002505
1.749699	-0.322480	0.000456	0.132714	0.002611
1.754509	-0.321399	0.000431	0.132588	0.002534
1.759319	-0.318725	0.000441	0.133593	0.002618
1.764128	-0.316024	0.000447	0.133270	0.002714
1.768938	-0.315486	0.000421	0.132095	0.002648
1.773747	-0.312711	0.000456	0.127342	0.002513
1.778557	-0.315108	0.000375	0.129685	0.002532
1.783367	-0.310644	0.000427	0.129594	0.002530
1.788176	-0.309036	0.000393	0.126155	0.002265
1.792986	-0.312666	0.000443	0.127449	0.002590
1.797796	-0.309852	0.000407	0.126500	0.002395
1.802605	-0.309484	0.000427	0.129446	0.002352
1.807415	-0.308700	0.000379	0.130169	0.002431
1.812224	-0.305102	0.000441	0.124391	0.002190
1.817034	-0.304792	0.000399	0.127600	0.002260
1.821844	-0.306827	0.000406	0.124611	0.002267
1.826653	-0.305076	0.000381	0.129285	0.002419
1.831463	-0.305606	0.000389	0.131215	0.002495
1.836273	-0.302403	0.000393	0.124183	0.002314
1.841082	-0.303085	0.000365	0.119857	0.002223
1.845892	-0.301101	0.000394	0.125162	0.002164
1.850701	-0.301032	0.000396	0.124965	0.002219
1.855511	-0.297300	0.000402	0.124151	0.002162
1.860321	-0.302061	0.000350	0.123854	0.002134
1.865130	-0.296338	0.000390	0.121246	0.001964
1.869940	-0.289741	0.000396	0.118933	0.002075
1.874749	-0.295869	0.000367	0.120559	0.002132
1.879559	-0.294139	0.000357	0.122377	0.002260
1.884369	-0.292829	0.000358	0.123593	0.002280
1.889178	-0.292563	0.000350	0.116702	0.001903
1.893988	-0.290502	0.000374	0.119430	0.001911
1.898798	-0.292008	0.000368	0.118068	0.002147
1.903607	-0.290272	0.000340	0.121712	0.002001
1.908417	-0.288315	0.000320	0.120909	0.001880
1.913226	-0.288266	0.000343	0.117425	0.001986
1.918036	-0.289260	0.000340	0.117512	0.002116
1.922846	-0.284552	0.000353	0.118560	0.001984
1.927655	-0.287134	0.000356	0.120944	0.001891
1.932465	-0.283951	0.000345	0.115535	0.001928
1.937275	-0.282118	0.000336	0.118841	0.002093
1.942084	-0.280451	0.000353	0.112880	0.001801
1.946894	-0.285381	0.000342	0.119104	0.002131
1.951703	-0.281661	0.000329	0.115679	0.001801
1.956513	-0.278887	0.000338	0.117608	0.001628
1.961323	-0.279426	0.000315	0.117465	0.001675
1.966132	-0.276398	0.000311	0.112700	0.001657
1.970942	-0.280015	0.000335	0.117123	0.001814
1.975752	-0.278898	0.000327	0.114531	0.001757
1.980561	-0.274159	0.000293	0.111739	0.001733
1.985371	-0.277808	0.000332	0.113776	0.001806
1.990180	-0.274522	0.000302	0.116163	0.001644
1.994990	-0.276804	0.000313	0.112421	0.001652
1.999800	-0.274520	0.000337	0.113622	0.001611
2.004609	-0.271346	0.000326	0.110011	0.001663
2.009419	-0.270773	0.000314	0.111078	0.001740
2.014228	-0.268056	0.000277	0.111430	0.001547
2.019038	-0.270916	0.000308	0.110568	0.001572
2.023848	-0.269586	0.000288	0.114275	0.001839
2.028657	-0.269285	0.000304	0.112619	0.001635
2.033467	-0.267779	0.000289	0.113840	0.001728
2.038277	-0.269277	0.000301	0.109918	0.001615
2.043086	-0.267341	0.000300	0.112481	0.001749
2.047896	-0.265916	0.000301	0.108956	0.001655
2.052705	-0.263715	0.000287	0.109053	0.001535
2.057515	-0.266331	0.000297	0.109704	0.001562
2.062325	-0.263963	0.000290	0.111896	0.001676
2.067134	-0.262500	0.000273	0.106130	0.001518
2.071944	-0.260444	0.000340	0.110010	0.001480
2.076754	-0.259512	0.000267	0.106778	0.001501
2.081563	-0.262677	0.000277	0.109399	0.001615
2.086373	-0.260092	0.000256	0.110472	0.001655
2.091182	-0.256927	0.000288	0.108528	0.001554
2.095992	-0.261116	0.000287	0.108600	0.001500
2.100802	-0.259557	0.000288	0.113795	0.001569
2.105611	-0.258771	0.000271	0.108477	0.001470
2.110421	-0.258251	0.000266	0.107495	0.001431
2.115230	-0.255334	0.000264	0.106881	0.001338
2.120040	-0.257851	0.000263	0.106023	0.001387
2.124850	-0.253751	0.000264	0.105691	0.001474
2.129659	-0.254488	0.000281	0.106188	0.001340
2.134469	-0.254288	0.000275	0.105130	0.001474
2.139279	-0.255247	0.000269	0.107171	0.001457
2.144088	-0.251134	0.000269	0.107655	0.001497
2.148898	-0.252162	0.000246	0.105781	0.001309
2.153707	-0.249640	0.000261	0.105885	0.001348
2.158517	-0.249946	0.000261	0.105569	0.001397
2.163327	-0.249801	0.000249	0.104436	0.001354
2.168136	-0.246645	0.000270	0.105204	0.001351
2.172946	-0.249825	0.000234	0.103180	0.001294
2.177756	-0.249254	0.000286	0.102260	0.001281
2.182565	-0.250143	0.000248	0.104011	0.001328
2.187375	-0.247142	0.000250	0.101379	0.001226
2.192184	-0.246462	0.000246	0.103578	0.001254
2.196994	-0.244129	0.000245	0.104455	0.001404
2.201804	-0.244357	0.000238	0.100808	0.001234
2.206613	-0.242123	0.000220	0.101465	0.001295
2.211423	-0.241678	0.000246	0.100918	0.001153
2.216232	-0.243613	0.000257	0.105788	0.001260
2.221042	-0.241348	0.000245	0.100966	0.001289
2.225852	-0.240594	0.000229	0.102395	0.001261
2.230661	-0.242341	0.000233	0.102540	0.001281
2.235471	-0.241148	0.000245	0.099930	0.001163
2.240281	-0.239168	0.000248	0.098997	0.001174
2.245090	-0.239673	0.000246	0.102446	0.001250
2.249900	-0.238189	0.000225	0.100758	0.001139
2.254709	-0.239718	0.000227	0.101132	0.001152
2.259519	-0.238161	0.000233	0.101617	0.001242
2.264329	-0.235008	0.000225	0.098104	0.001227
2.269138	-0.235015	0.000239	0.100922	0.001227
2.273948	-0.234981	0.000239	0.097964	0.001179
2.278758	-0.234434	0.000234	0.100082	0.001164
2.283567	-0.233914	0.000251	0.099636	0.001226
2.288377	-0.234272	0.000221	0.095141	0.001105
2.293186	-0.232759	0.000241	0.098673	0.001185
2.297996	-0.232487	0.000234	0.100896	0.001155
2.302806	-0.230956	0.000216	0.097757	0.001099
2.307615	-0.230077	0.000229	0.097688	0.001098
2.312425	-0.229604	0.000220	0.094644	0.001032
2.317234	-0.230898	0.000229	0.097596	0.001148
2.322044	-0.232411	0.000219	0.097466	0.001180
2.326854	-0.229577	0.000214	0.098813	0.001143
2.331663	-0.228630	0.000195	0.096674	0.001101
2.336473	-0.230085	0.000211	0.098251	0.001130
2.341283	-0.227695	0.000211	0.096656	0.001042
2.346092	-0.227391	0.000200	0.097946	0.001053
2.350902	-0.227053	0.000211	0.098935	0.001098
2.355711	-0.227834	0.000224	0.098099	0.001055
2.360521	-0.228252	0.000209	0.096801	0.001090
2.365331	-0.227782	0.000228	0.097687	0.001177
2.370140	-0.226446	0.000207	0.098142	0.001164
2.374950	-0.223694	0.000198	0.096720	0.001084
2.379760	-0.224399	0.000224	0.095786	0.001108
2.384569	-0.223003	0.000201	0.097058	0.001061
2.389379	-0.225582	0.000201	0.096666	0.001102
2.394188	-0.222836	0.000202	0.095168	0.001053
2.398998	-0.219284	0.000197	0.094178	0.001067
2.403808	-0.220848	0.000197	0.095771	0.001083
2.408617	-0.222035	0.000190	0.095431	0.000940
2.413427	-0.222071	0.000201	0.098045	0.001067
2.418236	-0.220930	0.000192	0.096182	0.001011
2.423046	-0.218103	0.000207	0.096186	0.001051
2.427856	-0.220061	0.000209	0.092860	0.001019
2.432665	-0.220536	0.000190	0.095196	0.001033
2.437475	-0.218923	0.000205	0.094517	0.001017
2.442285	-0.217743	0.000196	0.094329	0.000992
2.447094	-0.217302	0.000194	0.094237	0.001020
2.451904	-0.217468	0.000183	0.093977	0.000930
2.456713	-0.215077	0.000185	0.095527	0.000979
2.461523	-0.215080	0.000195	0.092941	0.000936
2.466333	-0.217012	0.000195	0.097251	0.001040
2.471142	-0.213770	0.000190	0.092850	0.000963
2.475952	-0.212907	0.000185	0.093800	0.000947
2.480762	-0.212725	0.000182	0.093876	0.000940
2.485571	-0.212343	0.000184	0.094245	0.000994
2.490381	-0.214390	0.000190	0.092356	0.000921
2.495190	-0.213158	0.000171	0.095478	0.000968
2.500000	-0.210241	0.000191	0.091532	0.000910
