# # Temperature	Energy	Specific Heat	Magnetization	Susceptibility
0.100000	-0.974629	0.000114	0.969010	0.000191
0.104810	-0.973457	0.000117	0.969092	0.000173
0.109619	-0.972073	0.000111	0.966234	0.000226
0.114429	-0.970898	0.000117	0.964537	0.000243
0.119238	-0.969717	0.000105	0.962910	0.000245
0.124048	-0.968255	0.000139	0.961723	0.000293
0.128858	-0.967079	0.000137	0.960175	0.000260
0.133667	-0.965881	0.000131	0.959117	0.000296
0.138477	-0.964736	0.000137	0.958525	0.000238
0.143287	-0.963466	0.000119	0.955817	0.000297
0.148096	-0.962098	0.000127	0.954497	0.000284
0.152906	-0.960822	0.000124	0.953075	0.000286
0.157715	-0.959448	0.000130	0.951174	0.000299
0.162525	-0.958390	0.000120	0.949815	0.000298
0.167335	-0.957306	0.000138	0.948999	0.000304
0.172144	-0.955827	0.000148	0.946572	0.000364
0.176954	-0.954315	0.000140	0.946101	0.000317
0.181764	-0.953200	0.000177	0.943524	0.000408
0.186573	-0.952048	0.000112	0.942055	0.000376
0.191383	-0.951051	0.000149	0.941934	0.000325
0.196192	-0.949804	0.000138	0.939505	0.000403
0.201002	-0.948100	0.000144	0.936527	0.000430
0.205812	-0.946879	0.000119	0.936617	0.000372
0.210621	-0.945740	0.000128	0.934773	0.000468
0.215431	-0.944413	0.000134	0.933215	0.000413
0.220240	-0.943246	0.000140	0.930424	0.000525
0.225050	-0.942024	0.000129	0.931040	0.000382
0.229860	-0.940891	0.000131	0.928393	0.000547
0.234669	-0.939423	0.000141	0.927722	0.000466
0.239479	-0.938203	0.000150	0.926553	0.000486
0.244289	-0.936392	0.000110	0.923907	0.000481
0.249098	-0.935009	0.000134	0.922617	0.000502
0.253908	-0.934040	0.000137	0.919796	0.000609
0.258717	-0.932618	0.000133	0.918955	0.000477
0.263527	-0.931530	0.000113	0.917373	0.000623
0.268337	-0.930122	0.000128	0.915015	0.000551
0.273146	-0.928720	0.000127	0.914415	0.000602
0.277956	-0.927722	0.000143	0.913520	0.000568
0.282766	-0.926256	0.000134	0.910563	0.000647
0.287575	-0.925019	0.000138	0.910073	0.000516
0.292385	-0.923512	0.000142	0.908416	0.000545
0.297194	-0.922489	0.000122	0.906175	0.000597
0.302004	-0.920900	0.000120	0.904116	0.000571
0.306814	-0.919637	0.000129	0.903411	0.000706
0.311623	-0.918030	0.000135	0.901453	0.000644
0.316433	-0.916626	0.000132	0.899368	0.000712
0.321242	-0.915603	0.000144	0.896262	0.000768
0.326052	-0.914852	0.000129	0.896697	0.000665
0.330862	-0.913144	0.000147	0.896228	0.000673
0.335671	-0.911932	0.000133	0.896907	0.000533
0.340481	-0.910260	0.000141	0.892226	0.000713
0.345291	-0.909004	0.000128	0.890558	0.000730
0.350100	-0.907762	0.000145	0.889879	0.000715
0.354910	-0.906113	0.000136	0.887253	0.000754
0.359719	-0.904819	0.000149	0.885883	0.000724
0.364529	-0.903619	0.000132	0.884521	0.000786
0.369339	-0.902528	0.000145	0.883462	0.000731
0.374148	-0.901122	0.000125	0.884119	0.000638
0.378958	-0.899822	0.000147	0.879711	0.000710
0.383768	-0.898342	0.000157	0.878055	0.000848
0.388577	-0.896733	0.000131	0.874529	0.000837
0.393387	-0.895297	0.000123	0.873701	0.000840
0.398196	-0.893851	0.000132	0.874626	0.000777
0.403006	-0.892782	0.000149	0.870125	0.000975
0.407816	-0.891451	0.000134	0.870061	0.000909
0.412625	-0.889950	0.000166	0.867680	0.000911
0.417435	-0.888659	0.000147	0.865226	0.000861
0.422244	-0.887467	0.000163	0.866475	0.000934
0.427054	-0.884965	0.000151	0.862526	0.000867
0.431864	-0.884799	0.000138	0.862406	0.000771
0.436673	-0.883010	0.000161	0.857985	0.000943
0.441483	-0.881899	0.000156	0.857613	0.000983
0.446293	-0.880261	0.000150	0.858684	0.000824
0.451102	-0.879081	0.000145	0.855257	0.000973
0.455912	-0.877309	0.000157	0.853599	0.000889
0.460721	-0.875995	0.000149	0.851699	0.000952
0.465531	-0.874616	0.000148	0.849018	0.000902
0.470341	-0.872892	0.000148	0.849653	0.000870
0.475150	-0.871969	0.000143	0.847723	0.000997
0.479960	-0.870482	0.000150	0.846203	0.000929
0.484770	-0.868929	0.000173	0.843477	0.001103
0.489579	-0.867645	0.000157	0.838944	0.001209
0.494389	-0.866272	0.000142	0.840127	0.000991
0.499198	-0.864718	0.000142	0.837969	0.000972
0.504008	-0.863002	0.000151	0.835709	0.000959
0.508818	-0.861658	0.000149	0.836285	0.000964
0.513627	-0.860249	0.000153	0.832443	0.001004
0.518437	-0.858658	0.000158	0.830806	0.000928
0.523246	-0.857591	0.000158	0.831011	0.001039
0.528056	-0.856435	0.000165	0.828038	0.001098
0.532866	-0.854697	0.000165	0.825855	0.001158
0.537675	-0.853169	0.000156	0.824607	0.001064
0.542485	-0.850601	0.000150	0.818848	0.001245
0.547295	-0.850050	0.000149	0.821468	0.001103
0.552104	-0.848835	0.000150	0.817506	0.001180
0.556914	-0.847516	0.000175	0.816402	0.001426
0.561723	-0.845905	0.000163	0.816366	0.001165
0.566533	-0.844108	0.000144	0.812470	0.001140
0.571343	-0.843037	0.000152	0.813015	0.001106
0.576152	-0.841098	0.000159	0.808780	0.001333
0.580962	-0.839882	0.000172	0.809108	0.001254
0.585772	-0.838474	0.000159	0.806741	0.001132
0.590581	-0.836684	0.000153	0.804847	0.001112
0.595391	-0.834506	0.000163	0.802583	0.001197
0.600200	-0.833888	0.000143	0.800839	0.001159
0.605010	-0.832671	0.000151	0.800111	0.001281
0.609820	-0.830488	0.000162	0.796623	0.001202
0.614629	-0.828470	0.000148	0.794180	0.001279
0.619439	-0.827081	0.000182	0.795399	0.001181
0.624248	-0.825044	0.000176	0.791585	0.001410
0.629058	-0.824201	0.000185	0.788206	0.001411
0.633868	-0.822124	0.000173	0.788122	0.001320
0.638677	-0.820868	0.000159	0.785679	0.001301
0.643487	-0.820079	0.000193	0.785408	0.001357
0.648297	-0.817454	0.000155	0.780207	0.001459
0.653106	-0.816166	0.000171	0.780757	0.001334
0.657916	-0.814560	0.000159	0.780694	0.001295
0.662725	-0.812922	0.000159	0.775636	0.001545
0.667535	-0.810971	0.000177	0.774336	0.001365
0.672345	-0.809335	0.000165	0.772508	0.001528
0.677154	-0.808351	0.000162	0.770214	0.001453
0.681964	-0.806603	0.000175	0.769009	0.001302
0.686774	-0.804904	0.000155	0.765846	0.001416
0.691583	-0.803354	0.000167	0.762914	0.001477
0.696393	-0.801881	0.000191	0.763398	0.001489
0.701202	-0.799811	0.000167	0.759059	0.001634
0.706012	-0.798368	0.000174	0.759591	0.001552
0.710822	-0.797046	0.000175	0.754759	0.001617
0.715631	-0.794759	0.000174	0.752631	0.001515
0.720441	-0.792387	0.000174	0.754275	0.001608
0.725251	-0.791619	0.000180	0.751234	0.001611
0.730060	-0.789305	0.000173	0.748497	0.001512
0.734870	-0.787345	0.000188	0.743443	0.001787
0.739679	-0.786340	0.000180	0.744575	0.001735
0.744489	-0.784349	0.000168	0.740737	0.001921
0.749299	-0.782584	0.000190	0.740238	0.001675
0.754108	-0.780124	0.000180	0.735157	0.001577
0.758918	-0.779070	0.000195	0.734100	0.001632
0.763727	-0.777793	0.000188	0.732452	0.001793
0.768537	-0.775198	0.000194	0.730700	0.001649
0.773347	-0.773998	0.000174	0.726869	0.001753
0.778156	-0.771251	0.000201	0.724722	0.001754
0.782966	-0.769465	0.000188	0.719909	0.001789
0.787776	-0.767480	0.000205	0.721121	0.001747
0.792585	-0.765535	0.000213	0.720083	0.001764
0.797395	-0.763901	0.000218	0.713604	0.001947
0.802204	-0.761853	0.000197	0.713306	0.001833
0.807014	-0.760867	0.000200	0.713187	0.001963
0.811824	-0.758021	0.000198	0.709531	0.001901
0.816633	-0.756192	0.000209	0.705650	0.002049
0.821443	-0.753885	0.000198	0.699239	0.002210
0.826253	-0.751783	0.000235	0.700402	0.002198
0.831062	-0.749114	0.000215	0.696997	0.002306
0.835872	-0.748433	0.000233	0.694216	0.002160
0.840681	-0.745715	0.000210	0.693216	0.001970
0.845491	-0.743884	0.000215	0.691031	0.002227
0.850301	-0.742203	0.000229	0.687091	0.002301
0.855110	-0.739942	0.000234	0.685091	0.002303
0.859920	-0.737894	0.000226	0.681070	0.002342
0.864729	-0.735192	0.000231	0.674683	0.002445
0.869539	-0.732857	0.000228	0.672070	0.002495
0.874349	-0.729777	0.000210	0.671931	0.002380
0.879158	-0.729009	0.000228	0.666947	0.002682
0.883968	-0.726322	0.000249	0.661506	0.002639
0.888778	-0.723693	0.000264	0.658804	0.002856
0.893587	-0.721094	0.000234	0.658080	0.002409
0.898397	-0.718488	0.000263	0.649564	0.003380
0.903206	-0.716965	0.000250	0.647840	0.003250
0.908016	-0.714060	0.000248	0.645782	0.002726
0.912826	-0.713053	0.000276	0.638004	0.003714
0.917635	-0.709301	0.000260	0.632286	0.003930
0.922445	-0.706645	0.000262	0.632088	0.003412
0.927255	-0.702994	0.000292	0.624936	0.004395
0.932064	-0.702176	0.000278	0.623011	0.003820
0.936874	-0.697915	0.000279	0.613204	0.004623
0.941683	-0.697714	0.000253	0.616364	0.003991
0.946493	-0.692982	0.000262	0.603262	0.005126
0.951303	-0.690484	0.000298	0.601978	0.004680
0.956112	-0.687109	0.000302	0.595303	0.005012
0.960922	-0.685511	0.000283	0.596401	0.004815
0.965731	-0.682792	0.000257	0.586752	0.005642
0.970541	-0.680518	0.000289	0.582292	0.005779
0.975351	-0.675259	0.000273	0.565018	0.006886
0.980160	-0.673289	0.000327	0.558214	0.007405
0.984970	-0.670950	0.000321	0.551543	0.007960
0.989780	-0.667706	0.000321	0.546411	0.008600
0.994589	-0.663644	0.000318	0.541141	0.008930
0.999399	-0.662323	0.000340	0.531583	0.008258
1.004208	-0.655924	0.000345	0.511382	0.010977
1.009018	-0.653745	0.000359	0.514782	0.010034
1.013828	-0.649190	0.000392	0.493585	0.012977
1.018637	-0.647933	0.000392	0.490545	0.011942
1.023447	-0.642143	0.000374	0.472622	0.013737
1.028257	-0.639968	0.000344	0.465460	0.013376
1.033066	-0.636813	0.000369	0.458451	0.013704
1.037876	-0.630831	0.000375	0.438423	0.013677
1.042685	-0.627548	0.000390	0.429138	0.015436
1.047495	-0.625890	0.000359	0.422235	0.014258
1.052305	-0.621085	0.000366	0.401521	0.015213
1.057114	-0.616350	0.000386	0.384122	0.016288
1.061924	-0.614696	0.000348	0.384126	0.015832
1.066733	-0.608963	0.000382	0.368539	0.014799
1.071543	-0.606554	0.000406	0.363821	0.015508
1.076353	-0.602373	0.000383	0.346828	0.015498
1.081162	-0.598415	0.000379	0.342698	0.015429
1.085972	-0.592205	0.000351	0.320792	0.014205
1.090782	-0.591868	0.000344	0.308141	0.014755
1.095591	-0.589133	0.000369	0.308399	0.014271
1.100401	-0.587350	0.000342	0.301674	0.013429
1.105210	-0.583432	0.000357	0.283423	0.013477
1.110020	-0.577610	0.000375	0.273331	0.013303
1.114830	-0.575354	0.000371	0.272830	0.011992
1.119639	-0.571561	0.000329	0.255901	0.012107
1.124449	-0.568340	0.000360	0.260913	0.011729
1.129259	-0.565314	0.000334	0.246817	0.011516
1.134068	-0.561834	0.000315	0.241934	0.010927
1.138878	-0.558819	0.000341	0.238800	0.011035
1.143687	-0.556961	0.000337	0.230606	0.009463
1.148497	-0.551293	0.000340	0.219730	0.009614
1.153307	-0.549404	0.000359	0.220248	0.009358
1.158116	-0.547162	0.000305	0.215559	0.008626
1.162926	-0.543465	0.000317	0.205298	0.008528
1.167735	-0.539635	0.000318	0.203354	0.007931
1.172545	-0.537958	0.000289	0.200546	0.008158
1.177355	-0.535911	0.000278	0.197835	0.007543
1.182164	-0.530673	0.000280	0.186690	0.006903
1.186974	-0.529957	0.000273	0.188853	0.007162
1.191784	-0.525085	0.000295	0.176929	0.006701
1.196593	-0.522897	0.000271	0.177296	0.006082
1.201403	-0.519092	0.000280	0.172235	0.006335
1.206212	-0.518749	0.000273	0.178642	0.006073
1.211022	-0.515555	0.000262	0.167869	0.005666
1.215832	-0.513041	0.000280	0.164972	0.005699
1.220641	-0.509122	0.000291	0.161954	0.005444
1.225451	-0.506284	0.000274	0.158187	0.004959
1.230261	-0.504093	0.000289	0.157482	0.004907
1.235070	-0.501699	0.000263	0.155750	0.004578
1.239880	-0.499683	0.000272	0.153831	0.004844
1.244689	-0.495962	0.000236	0.147423	0.004566
1.249499	-0.493707	0.000258	0.143163	0.004091
1.254309	-0.489801	0.000255	0.142621	0.004136
1.259118	-0.488408	0.000260	0.142592	0.004320
1.263928	-0.486227	0.000258	0.138956	0.004078
1.268737	-0.484995	0.000248	0.139754	0.003979
1.273547	-0.482391	0.000250	0.136065	0.003662
1.278357	-0.480058	0.000240	0.136811	0.003819
1.283166	-0.475233	0.000234	0.132391	0.003454
1.287976	-0.473636	0.000259	0.130457	0.003596
1.292786	-0.472396	0.000235	0.132161	0.003400
1.297595	-0.470193	0.000238	0.130068	0.003464
1.302405	-0.467689	0.000238	0.125590	0.003359
1.307214	-0.466407	0.000219	0.124565	0.003028
1.312024	-0.462203	0.000228	0.123122	0.002864
1.316834	-0.460999	0.000216	0.122158	0.002806
1.321643	-0.458844	0.000235	0.122346	0.002886
1.326453	-0.455441	0.000211	0.119504	0.002847
1.331263	-0.453596	0.000223	0.119205	0.002701
1.336072	-0.452965	0.000210	0.116935	0.002546
1.340882	-0.450003	0.000236	0.115015	0.002597
1.345691	-0.447737	0.000223	0.115133	0.002551
1.350501	-0.444971	0.000204	0.112393	0.002432
1.355311	-0.443777	0.000219	0.110450	0.002502
1.360120	-0.441698	0.000216	0.106821	0.002254
1.364930	-0.439559	0.000211	0.109900	0.002353
1.369739	-0.437878	0.000195	0.108043	0.002220
1.374549	-0.435597	0.000203	0.107677	0.002256
1.379359	-0.433463	0.000215	0.106204	0.002209
1.384168	-0.432009	0.000201	0.106958	0.002117
1.388978	-0.429754	0.000200	0.104805	0.002103
1.393788	-0.428025	0.000185	0.102618	0.001931
1.398597	-0.427240	0.000210	0.103280	0.001965
1.403407	-0.423625	0.000216	0.100760	0.001917
1.408216	-0.421640	0.000195	0.099225	0.001917
1.413026	-0.419882	0.000183	0.100254	0.001855
1.417836	-0.417822	0.000196	0.099311	0.001833
1.422645	-0.416113	0.000184	0.098862	0.001841
1.427455	-0.414729	0.000187	0.096532	0.001776
1.432265	-0.412886	0.000180	0.094908	0.001751
1.437074	-0.411459	0.000181	0.096385	0.001714
1.441884	-0.409067	0.000173	0.093673	0.001637
1.446693	-0.406904	0.000177	0.094737	0.001635
1.451503	-0.405299	0.000179	0.093776	0.001669
1.456313	-0.404373	0.000174	0.090962	0.001614
1.461122	-0.402206	0.000180	0.091968	0.001508
1.465932	-0.399561	0.000165	0.090576	0.001453
1.470741	-0.398896	0.000164	0.090089	0.001424
1.475551	-0.397613	0.000168	0.089453	0.001510
1.480361	-0.395481	0.000168	0.089222	0.001470
1.485170	-0.394856	0.000167	0.089825	0.001455
1.489980	-0.392046	0.000167	0.086887	0.001320
1.494790	-0.391051	0.000164	0.087152	0.001342
1.499599	-0.389791	0.000158	0.086539	0.001420
1.504409	-0.388530	0.000157	0.086271	0.001269
1.509218	-0.384784	0.000158	0.085903	0.001340
1.514028	-0.384665	0.000154	0.084623	0.001242
1.518838	-0.382907	0.000155	0.084196	0.001258
1.523647	-0.381087	0.000161	0.084694	0.001301
1.528457	-0.380082	0.000152	0.083780	0.001286
1.533267	-0.378401	0.000150	0.083438	0.001240
1.538076	-0.375902	0.000146	0.081119	0.001176
1.542886	-0.374648	0.000155	0.082305	0.001202
1.547695	-0.374210	0.000146	0.081264	0.001127
1.552505	-0.370997	0.000149	0.080373	0.001149
1.557315	-0.371194	0.000142	0.080220	0.001164
1.562124	-0.368374	0.000148	0.078769	0.001079
1.566934	-0.367456	0.000146	0.080603	0.001067
1.571743	-0.365344	0.000145	0.079485	0.001037
1.576553	-0.364684	0.000141	0.077928	0.001032
1.581363	-0.362827	0.000139	0.078575	0.001104
1.586172	-0.360249	0.000146	0.076171	0.000975
1.590982	-0.361391	0.000137	0.078483	0.001038
1.595792	-0.360341	0.000138	0.077247	0.001006
1.600601	-0.358178	0.000136	0.076866	0.000992
1.605411	-0.357356	0.000131	0.075222	0.001000
1.610220	-0.355785	0.000129	0.075557	0.000958
1.615030	-0.354339	0.000132	0.075295	0.000980
1.619840	-0.352733	0.000141	0.074699	0.000950
1.624649	-0.351224	0.000134	0.077041	0.000947
1.629459	-0.349424	0.000133	0.074430	0.000906
1.634269	-0.349422	0.000124	0.071783	0.000886
1.639078	-0.348266	0.000136	0.072800	0.000866
1.643888	-0.346997	0.000134	0.073963	0.000896
1.648697	-0.344267	0.000128	0.074222	0.000899
1.653507	-0.344337	0.000121	0.071863	0.000826
1.658317	-0.342736	0.000126	0.071434	0.000843
1.663126	-0.341642	0.000119	0.071220	0.000835
1.667936	-0.340493	0.000117	0.071810	0.000827
1.672745	-0.339453	0.000113	0.072852	0.000881
1.677555	-0.336875	0.000118	0.071930	0.000866
1.682365	-0.337697	0.000123	0.070318	0.000810
1.687174	-0.335593	0.000117	0.068717	0.000728
1.691984	-0.335013	0.000117	0.070057	0.000757
1.696794	-0.333997	0.000117	0.069545	0.000748
1.701603	-0.332906	0.000121	0.068167	0.000757
1.706413	-0.330198	0.000109	0.068585	0.000751
1.711222	-0.329904	0.000114	0.069749	0.000741
1.716032	-0.328466	0.000114	0.067741	0.000719
1.720842	-0.328639	0.000113	0.068677	0.000744
1.725651	-0.326783	0.000118	0.068193	0.000743
1.730461	-0.325418	0.000107	0.068067	0.000707
1.735271	-0.323819	0.000115	0.067543	0.000706
1.740080	-0.322820	0.000116	0.067453	0.000675
1.744890	-0.321880	0.000112	0.066843	0.000666
1.749699	-0.321141	0.000114	0.065703	0.000651
1.754509	-0.320876	0.000106	0.065916	0.000685
1.759319	-0.319902	0.000111	0.066963	0.000723
1.764128	-0.317843	0.000107	0.065087	0.000619
1.768938	-0.317251	0.000110	0.066517	0.000700
1.773747	-0.315408	0.000101	0.065185	0.000670
1.778557	-0.315415	0.000101	0.063472	0.000610
1.783367	-0.313764	0.000100	0.064866	0.000667
1.788176	-0.312722	0.000102	0.064342	0.000617
1.792986	-0.311350	0.000097	0.064858	0.000611
1.797796	-0.310964	0.000103	0.064838	0.000608
1.802605	-0.309433	0.000106	0.063748	0.000605
1.807415	-0.308689	0.000104	0.064418	0.000630
1.812224	-0.307072	0.000098	0.062319	0.000574
1.817034	-0.306725	0.000097	0.061664	0.000566
1.821844	-0.304646	0.000096	0.061927	0.000597
1.826653	-0.304603	0.000098	0.062325	0.000602
1.831463	-0.304481	0.000093	0.062752	0.000551
1.836273	-0.302514	0.000101	0.062719	0.000589
1.841082	-0.301371	0.000095	0.061853	0.000576
1.845892	-0.300313	0.000093	0.061781	0.000542
1.850701	-0.300075	0.000096	0.061853	0.000548
1.855511	-0.299091	0.000093	0.061653	0.000545
1.860321	-0.299181	0.000094	0.062443	0.000549
1.865130	-0.298111	0.000094	0.061336	0.000540
1.869940	-0.294863	0.000083	0.059459	0.000510
1.874749	-0.296191	0.000089	0.061083	0.000531
1.879559	-0.294093	0.000092	0.060413	0.000518
1.884369	-0.293141	0.000086	0.059825	0.000532
1.889178	-0.293091	0.000082	0.059431	0.000537
1.893988	-0.292375	0.000084	0.058627	0.000486
1.898798	-0.291756	0.000082	0.058231	0.000519
1.903607	-0.290261	0.000087	0.059506	0.000503
1.908417	-0.288154	0.000087	0.059634	0.000498
1.913226	-0.287652	0.000087	0.059144	0.000489
1.918036	-0.286600	0.000091	0.058504	0.000473
1.922846	-0.286469	0.000082	0.059775	0.000500
1.927655	-0.286871	0.000084	0.060648	0.000527
1.932465	-0.285150	0.000082	0.058622	0.000455
1.937275	-0.282905	0.000088	0.058326	0.000491
1.942084	-0.283809	0.000086	0.058165	0.000459
1.946894	-0.282582	0.000083	0.058316	0.000465
1.951703	-0.280763	0.000087	0.057252	0.000468
1.956513	-0.280697	0.000082	0.058672	0.000478
1.961323	-0.279691	0.000079	0.057481	0.000444
1.966132	-0.279343	0.000083	0.056847	0.000446
1.970942	-0.278675	0.000085	0.057536	0.000457
1.975752	-0.279119	0.000081	0.057824	0.000454
1.980561	-0.276478	0.000082	0.057255	0.000461
1.985371	-0.275680	0.000079	0.055533	0.000433
1.990180	-0.275365	0.000078	0.056673	0.000442
1.994990	-0.275471	0.000077	0.058406	0.000452
1.999800	-0.274162	0.000076	0.054997	0.000411
2.004609	-0.271618	0.000083	0.054539	0.000428
2.009419	-0.270845	0.000075	0.055593	0.000419
2.014228	-0.271202	0.000084	0.056606	0.000437
2.019038	-0.271309	0.000081	0.055448	0.000396
2.023848	-0.269930	0.000077	0.054508	0.000407
2.028657	-0.269261	0.000070	0.054582	0.000397
2.033467	-0.268844	0.000079	0.056632	0.000393
2.038277	-0.268336	0.000073	0.055449	0.000414
2.043086	-0.267778	0.000067	0.056071	0.000424
2.047896	-0.266169	0.000078	0.054793	0.000407
2.052705	-0.265074	0.000073	0.054870	0.000391
2.057515	-0.263861	0.000078	0.055552	0.000393
2.062325	-0.264341	0.000074	0.054958	0.000405
2.067134	-0.263791	0.000075	0.054929	0.000396
2.071944	-0.261513	0.000074	0.054591	0.000401
2.076754	-0.261698	0.000073	0.055171	0.000366
2.081563	-0.260682	0.000070	0.054305	0.000373
2.086373	-0.260484	0.000071	0.053218	0.000394
2.091182	-0.259169	0.000071	0.053936	0.000396
2.095992	-0.257920	0.000070	0.052825	0.000367
2.100802	-0.258217	0.000072	0.052813	0.000363
2.105611	-0.257378	0.000070	0.052862	0.000383
2.110421	-0.256623	0.000066	0.053368	0.000376
2.115230	-0.256128	0.000070	0.052670	0.000348
2.120040	-0.256550	0.000067	0.052647	0.000340
2.124850	-0.255061	0.000065	0.054197	0.000361
2.129659	-0.254562	0.000065	0.053324	0.000370
2.134469	-0.252967	0.000069	0.052992	0.000367
2.139279	-0.252975	0.000067	0.052541	0.000371
2.144088	-0.251754	0.000062	0.051371	0.000343
2.148898	-0.251770	0.000069	0.052381	0.000344
2.153707	-0.250528	0.000065	0.051299	0.000346
2.158517	-0.250250	0.000061	0.051603	0.000332
2.163327	-0.250082	0.000066	0.051069	0.000333
2.168136	-0.248564	0.000064	0.051419	0.000332
2.172946	-0.248763	0.000063	0.052549	0.000365
2.177756	-0.247299	0.000063	0.052397	0.000343
2.182565	-0.246266	0.000062	0.052106	0.000343
2.187375	-0.246200	0.000065	0.052651	0.000349
2.192184	-0.246332	0.000066	0.051508	0.000323
2.196994	-0.244920	0.000060	0.051690	0.000343
2.201804	-0.244916	0.000063	0.051414	0.000324
2.206613	-0.244734	0.000062	0.051190	0.000340
2.211423	-0.242777	0.000066	0.050595	0.000342
2.216232	-0.243247	0.000060	0.050473	0.000322
2.221042	-0.241657	0.000057	0.051343	0.000319
2.225852	-0.242125	0.000059	0.051914	0.000311
2.230661	-0.242144	0.000059	0.050233	0.000303
2.235471	-0.241308	0.000063	0.050241	0.000305
2.240281	-0.239067	0.000060	0.049216	0.000311
2.245090	-0.238543	0.000061	0.050777	0.000319
2.249900	-0.239545	0.000059	0.050461	0.000318
2.254709	-0.238287	0.000058	0.050530	0.000305
2.259519	-0.237766	0.000061	0.050838	0.000319
2.264329	-0.236685	0.000059	0.049108	0.000293
2.269138	-0.237311	0.000058	0.050736	0.000310
2.273948	-0.235577	0.000054	0.049811	0.000292
2.278758	-0.235572	0.000057	0.050355	0.000303
2.283567	-0.234706	0.000059	0.049317	0.000290
2.288377	-0.234850	0.000056	0.050535	0.000299
2.293186	-0.234939	0.000058	0.049262	0.000292
2.297996	-0.233265	0.000057	0.048322	0.000274
2.302806	-0.233018	0.000057	0.049819	0.000289
2.307615	-0.232175	0.000056	0.049972	0.000298
2.312425	-0.232746	0.000055	0.050292	0.000292
2.317234	-0.230092	0.000054	0.049751	0.000282
2.322044	-0.230251	0.000054	0.049132	0.000282
2.326854	-0.229644	0.000053	0.049113	0.000297
2.331663	-0.229258	0.000054	0.049087	0.000278
2.336473	-0.228467	0.000050	0.048974	0.000279
2.341283	-0.228911	0.000056	0.049400	0.000278
2.346092	-0.227490	0.000052	0.049110	0.000299
2.350902	-0.227974	0.000054	0.048434	0.000272
2.355711	-0.227355	0.000056	0.048718	0.000268
2.360521	-0.225208	0.000053	0.048667	0.000281
2.365331	-0.226205	0.000054	0.048301	0.000255
2.370140	-0.224487	0.000052	0.048327	0.000265
2.374950	-0.224284	0.000052	0.049125	0.000272
2.379760	-0.223864	0.000053	0.048342	0.000275
2.384569	-0.224572	0.000052	0.048291	0.000260
2.389379	-0.223182	0.000048	0.048798	0.000273
2.394188	-0.223670	0.000052	0.047941	0.000259
2.398998	-0.221282	0.000052	0.047920	0.000266
2.403808	-0.221340	0.000052	0.048464	0.000257
2.408617	-0.220495	0.000053	0.047328	0.000255
2.413427	-0.219894	0.000051	0.048228	0.000252
2.418236	-0.220269	0.000050	0.046854	0.000270
2.423046	-0.218802	0.000051	0.047672	0.000254
2.427856	-0.219321	0.000049	0.047306	0.000252
2.432665	-0.218405	0.000049	0.047683	0.000256
2.437475	-0.217961	0.000048	0.047417	0.000234
2.442285	-0.217400	0.000047	0.047230	0.000255
2.447094	-0.218016	0.000048	0.047024	0.000244
2.451904	-0.217506	0.000051	0.047690	0.000253
2.456713	-0.216079	0.000051	0.047521	0.000246
2.461523	-0.215546	0.000050	0.046169	0.000231
2.466333	-0.215099	0.000045	0.047225	0.000249
2.471142	-0.214604	0.000047	0.046380	0.000232
2.475952	-0.214768	0.000047	0.047630	0.000247
2.480762	-0.213557	0.000045	0.046806	0.000235
2.485571	-0.213329	0.000050	0.046458	0.000241
2.490381	-0.212777	0.000046	0.046726	0.000243
2.495190	-0.212585	0.000046	0.046654	0.000238
2.500000	-0.211562	0.000046	0.046771	0.000235
